# E lógico (AND)
x <- 10
x > 3 & x < 20

x <- 20
x > 3 & x < 20

# Ou lógico (OR)
y <- 7
y < 8 | y > 16

y <- 12
y < 8 | y > 16

# Negação lógica (NOT)
x <- 10
!(x < 15)